%YAML:1.0
---
R: !!opencv-matrix
   rows: 3
   cols: 3
   dt: d
   data: [ 9.9997149579080535e-01, 4.8210116286829859e-03,
       5.8108048302649620e-03, -4.8866671827332113e-03,
       9.9992378062933918e-01, 1.1338139872769284e-02,
       -5.7557006302035411e-03, -1.1366212157327780e-02,
       9.9991883727203090e-01 ]
T: !!opencv-matrix
   rows: 3
   cols: 1
   dt: d
   data: [ -3.3427086946183784e+00, 4.6825941478185688e-02,
       3.6523737018390699e-03 ]
R1: !!opencv-matrix
   rows: 3
   cols: 3
   dt: d
   data: [ 9.9994753472841635e-01, -9.1729783853483106e-03,
       4.5589755543035942e-03, 9.1468660419574358e-03,
       9.9994182997819359e-01, 5.7158990081949525e-03,
       -4.6111421766512149e-03, -5.6738987833173564e-03,
       9.9997327176301243e-01 ]
R2: !!opencv-matrix
   rows: 3
   cols: 3
   dt: d
   data: [ 9.9990130029640945e-01, -1.4006999726608484e-02,
       -1.0925311019519593e-03, 1.4000550481670508e-02,
       9.9988572501355666e-01, -5.7027625169190502e-03,
       1.1722848459904706e-03, 5.6869036191033199e-03,
       9.9998314229564245e-01 ]
P1: !!opencv-matrix
   rows: 3
   cols: 4
   dt: d
   data: [ 4.3964859571224139e+02, 0., 3.1932436370849609e+02, 0., 0.,
       4.3964859571224139e+02, 2.3945365142822266e+02, 0., 0., 0., 1.,
       0. ]
P2: !!opencv-matrix
   rows: 3
   cols: 4
   dt: d
   data: [ 4.3964859571224139e+02, 0., 3.1932436370849609e+02,
       -1.4697622485623519e+03, 0., 4.3964859571224139e+02,
       2.3945365142822266e+02, 0., 0., 0., 1., 0. ]
Q: !!opencv-matrix
   rows: 4
   cols: 4
   dt: d
   data: [ 1., 0., 0., -3.1932436370849609e+02, 0., 1., 0.,
       -2.3945365142822266e+02, 0., 0., 0., 4.3964859571224139e+02, 0.,
       0., 2.9912905719430727e-01, 0. ]
