%YAML:1.0
---
M1: !!opencv-matrix
   rows: 3
   cols: 3
   dt: d
   data: [ 5.3398796382502758e+02, 0., 3.2838647583744523e+02, 0.,
       5.2871083166023755e+02, 2.3684273091753437e+02, 0., 0., 1. ]
D1: !!opencv-matrix
   rows: 1
   cols: 14
   dt: d
   data: [ -2.5896589434119782e-01, -1.2618468757024184e-01, 0., 0., 0.,
       0., 0., -3.9963517949239835e-01, 0., 0., 0., 0., 0., 0. ]
M2: !!opencv-matrix
   rows: 3
   cols: 3
   dt: d
   data: [ 5.3398796382502758e+02, 0., 3.1377033111753229e+02, 0.,
       5.2871083166023755e+02, 2.4187045690014719e+02, 0., 0., 1. ]
D2: !!opencv-matrix
   rows: 1
   cols: 14
   dt: d
   data: [ -2.6296220864595998e-01, -1.2154427389213773e-02, 0., 0., 0.,
       0., 0., -1.9510545560126802e-01, 0., 0., 0., 0., 0., 0. ]
